1111111111111111111111111111,
1111110000000110000000111111,
1111110111110110111110111111,
1111110111110110111110111111,
1111110111110110111110111111,
1000000000000000000000000001,
1011110110111111110110111101,
1000000110000110000110000001,
1101110111110110111110111011,
1101110110000000000110111011,
1101110110111101110110111011,
1101110110111101110110111011,
1101110000111101110000111011,
1101110110111101110110111011,
1101110110111101110110111011,
1101110110000000000110111011,
1101110110111111110110111011,
1101110110111111110110111011,
1000000000000110000000000001,
1011110111110110111110111101,
1011110111110110111110111101,
1000110000000000000000110001,
1110110110111111110110110111,
1110110110111111110110110111,
1000000110000110000110000001,
1011111111110110111111111101,
1011111111110110111111111101,
1000000000000000000000000001,
1111111111111111111111111111,